     Ix       Turn             x              px               y              py               z              pz         spin_x    spin_y    spin_z    State
      1       1200  3.47276093E-05 -2.45411830E-04 -5.26605134E-09  4.35751467E-05  1.05997093E-02 -3.13174327E-04    -0.013250 -0.019241  0.999727    Alive
        2     1200  1.98918058E-05 -3.87167668E-04  1.09851153E-07  1.68255475E-04  2.60758569E-02 -1.41961855E-03    -0.005033 -0.031395  0.999494    Alive
        3     1200 -7.75587487E-06  2.58656621E-04 -1.89309659E-08 -8.73816440E-05  1.89260920E-02  5.15728500E-04     0.008833 -0.008483  0.999925    Alive
        4     1200  1.71310758E-06  4.09818291E-04 -2.03304110E-08 -1.76357358E-06  1.05482137E-02 -2.23064434E-04     0.004675 -0.012070  0.999916    Alive
        5     1200 -9.13443774E-06 -3.34266482E-04  4.28344534E-07  5.93585586E-05  1.52832147E-02  1.12567146E-03     0.002414  0.029607  0.999559    Alive
        6     1200  5.68691498E-06 -2.04217076E-04  1.96779888E-08  1.12343214E-04  1.22901840E-02  2.52551888E-04     0.001828 -0.008932  0.999958    Alive
        7     1200 -2.09929459E-05  1.12574384E-04 -1.00777225E-07  1.66850427E-04  1.09517485E-02  2.18791043E-04     0.018974  0.017205  0.999672    Alive
        8     1200 -1.67936458E-05  1.97631575E-04  4.30342597E-08 -9.64530828E-05  1.92194699E-02 -6.51578959E-04     0.017744 -0.031994  0.999331    Alive
        9     1200 -3.20943120E-05  4.35760423E-04 -1.90577409E-07  1.30627341E-03  1.54726904E-02 -9.98161135E-04     0.014351  0.031484  0.999401    Alive
       10     1200 -6.73740104E-07 -1.28977840E-04 -4.77990132E-08  5.93495438E-05  1.73767833E-02 -1.10637405E-03    -0.015694 -0.033708  0.999309    Alive
       11     1200  2.12948895E-05  1.17111371E-04  5.95640700E-08  6.78603915E-05  1.03554360E-02 -2.39870711E-04     0.014771 -0.024480  0.999591    Alive
       12     1200  3.58500416E-06 -7.44462370E-05  1.91102975E-08 -6.45265258E-05  1.77681972E-02 -1.32083403E-03    -0.004156 -0.034757  0.999387    Alive
       13     1200 -2.20769688E-05  5.94131380E-05 -2.14429584E-08 -1.37483248E-05  8.38648417E-03 -7.16862467E-04     0.028855 -0.004286  0.999574    Alive
       14     1200 -1.18949562E-05  5.53310783E-04 -4.33491583E-08 -1.59415723E-04  1.56470892E-02 -2.29995447E-04     0.004128  0.007005  0.999967    Alive
       15     1200  1.32718046E-05 -2.86440191E-04  2.69820860E-08  4.26053781E-05  7.02926400E-03 -5.97830577E-04    -0.013091 -0.036813  0.999236    Alive
       16     1200 -5.41020074E-06  1.05170674E-05  5.50615646E-08  7.61495726E-05  7.92288078E-03  5.02565144E-04     0.000844 -0.016134  0.999869    Alive
       17     1200 -4.75677159E-07 -4.98753209E-05 -7.04731776E-08  9.06838006E-05  1.38089551E-02 -3.00452073E-04     0.007670 -0.013670  0.999877    Alive
       18     1200  5.01804239E-05 -1.33957646E-05  2.85208497E-07  1.23611660E-04  2.69563794E-02  5.90768430E-04     0.016336  0.037159  0.999176    Alive
       19     1200 -2.70291337E-05  4.49433687E-05 -7.96457301E-09  5.81790440E-05  1.72008121E-02  1.72168209E-04     0.023146 -0.004676  0.999721    Alive
       20     1200 -4.01066212E-05 -1.39757222E-05 -3.61955071E-08  3.25510872E-04  2.49124164E-02 -1.29272381E-04     0.040510 -0.008047  0.999147    Alive
       21     1200 -2.54916533E-05 -7.43669118E-05  6.02272093E-09 -2.98229105E-05  1.77492836E-02 -3.78075093E-04     0.022686 -0.024099  0.999452    Alive
       22     1200  5.63404520E-06 -2.03424958E-04 -1.00854514E-08 -1.11185343E-04  1.90374380E-02  5.69499391E-05     0.010643 -0.002658  0.999940    Alive
       23     1200 -2.35685207E-05  4.39631534E-04  2.78869222E-07  2.17783578E-04  1.98672607E-02  2.33882593E-04     0.049117  0.018315  0.998625    Alive
       24     1200  1.72153229E-05 -2.25103208E-04  4.29027572E-09  3.26261894E-04  1.52176339E-02 -4.42818660E-04     0.027638 -0.018387  0.999449    Alive
       25     1200  5.52548198E-06 -3.45533388E-04 -5.64203058E-09 -1.28443306E-04  2.34618466E-02 -2.33334010E-04     0.017593  0.017531  0.999692    Alive
       26     1200  3.00097929E-06 -4.85718389E-04 -3.18064869E-09 -1.36355245E-04  1.58291295E-02  1.40379947E-04     0.003400 -0.009677  0.999947    Alive
       27     1200 -4.19605302E-05 -2.52602305E-04  9.79112409E-08  3.42781824E-05  1.32351170E-02  7.49120099E-04     0.018772  0.010584  0.999768    Alive
       28     1200 -9.04377726E-06  5.49116148E-04 -8.87752964E-08 -9.79071077E-05  1.14820075E-02  1.60038194E-04     0.022212  0.000240  0.999753    Alive
       29     1200 -2.03269416E-05 -2.12791596E-04 -5.23937595E-08  3.14607040E-06  1.33562961E-02  4.14845961E-04     0.021810 -0.003031  0.999758    Alive
       30     1200  9.76045528E-06  5.22358733E-04 -3.28465252E-08  9.92056507E-05  2.21180187E-02 -2.77845189E-04     0.032303  0.005873  0.999461    Alive
       31     1200 -4.44051040E-06 -1.00190944E-04  1.93645931E-07  2.51351042E-05  1.61410596E-02  1.01669906E-03     0.016831  0.004357  0.999849    Alive
       32     1200 -2.54858542E-05 -1.85002958E-04  9.93908985E-08  8.85270906E-05  1.26385295E-02 -8.67845747E-04    -0.004497  0.001724  0.999988    Alive
       33     1200 -1.88690290E-05  8.87291252E-06 -7.50439562E-08 -1.06845740E-04  1.83434979E-02 -5.15445829E-04     0.017789 -0.026669  0.999486    Alive
       34     1200 -1.75391253E-05  3.43690873E-04 -9.18730630E-08 -8.99756682E-05  1.05950236E-02  3.28955249E-04     0.002067  0.013366  0.999909    Alive
       35     1200  2.65704683E-05 -8.69249166E-06  9.90194983E-09  3.71621239E-06  1.98612723E-02  2.99543890E-04     0.021734 -0.007176  0.999738    Alive
       36     1200 -6.62749903E-07  4.27318110E-04 -7.88600219E-07 -2.36994063E-04  1.14600489E-02  6.22148166E-04     0.022870 -0.001729  0.999737    Alive
       37     1200  9.54543934E-06 -3.62634345E-04  8.37541975E-08  1.23326561E-04  1.70729490E-02 -1.45071318E-03    -0.022904 -0.073900  0.997003    Alive
       38     1200 -2.39483032E-05 -4.24730755E-04  3.24312946E-08 -6.38485182E-05  1.27435205E-02 -6.03368786E-05     0.031749 -0.019551  0.999305    Alive
       39     1200  6.83458283E-06  2.62714480E-04 -2.32966764E-08 -1.05651991E-04  1.59079439E-02 -4.79364097E-04     0.017634 -0.008367  0.999809    Alive
       41     1200  1.52379921E-05  6.63076767E-04  7.14691244E-08  1.04482145E-05  1.43407227E-02  6.09620729E-04     0.032889 -0.015299  0.999342    Alive
       42     1200 -2.09563930E-05 -1.71761672E-04  2.48684763E-08 -7.16475059E-05  2.54349591E-02 -4.00608460E-04     0.011674 -0.030169  0.999477    Alive
       43     1200 -1.22899308E-05  4.71956468E-05  6.20438093E-07  1.64608908E-04  2.29824918E-02 -2.72777687E-04     0.030884 -0.007244  0.999497    Alive
       44     1200 -1.11160455E-05 -1.24613565E-04  1.09878009E-08  1.67470007E-04  2.06665291E-02 -7.74584147E-04     0.007602 -0.039886  0.999175    Alive
       45     1200 -6.53744475E-06 -1.18853644E-04 -8.31857493E-08  1.97730045E-04  1.16828146E-02 -8.39706150E-05    -0.003524 -0.004671  0.999983    Alive
       46     1200 -9.24946526E-06  9.43300850E-06  1.32628014E-07 -9.08813168E-06  1.61070911E-02  3.00582835E-04     0.010923  0.008685  0.999903    Alive
       47     1200  2.19296576E-05 -1.30280234E-05  5.72319492E-08  1.50027437E-04  1.63237438E-02 -1.98190233E-04    -0.008805 -0.010058  0.999911    Alive
       48     1200  1.03514429E-05  6.96305892E-05  6.40731610E-08 -1.09628732E-04  1.57036546E-02 -6.66200960E-04    -0.004150 -0.025799  0.999659    Alive
       49     1200  1.12822424E-05 -2.33676161E-04 -4.21205373E-08  1.78288842E-05  1.80157419E-02 -4.87473347E-04     0.011948  0.000130  0.999929    Alive
       50     1200 -3.86854557E-05 -8.47782384E-05  1.20586986E-07  1.71447285E-06  1.38406613E-02  5.14665805E-04     0.032263 -0.008454  0.999444    Alive
       51     1200 -2.38270082E-06 -9.41756594E-05  3.21842979E-08 -2.70642785E-04  2.26905300E-02 -1.25581176E-03    -0.017602 -0.044075  0.998873    Alive
       52     1200  1.28235025E-06 -2.71504765E-04  2.99301815E-08 -1.53211587E-05  1.41851622E-02 -4.99389177E-05     0.012776 -0.011842  0.999848    Alive
       53     1200  2.23617477E-06 -1.64535736E-04  1.47791190E-08 -1.16085986E-05  2.01201512E-02 -3.73328063E-04     0.004294 -0.012027  0.999918    Alive
       54     1200 -1.36867101E-05 -5.62091807E-04  1.87606122E-07  4.20222254E-05  2.07530289E-02  3.57664804E-04     0.006807 -0.004601  0.999966    Alive
       55     1200  2.89627020E-06  3.70134441E-04 -6.66524893E-07 -2.60124487E-04  2.70109265E-02  8.98714612E-04    -0.003739 -0.017308  0.999843    Alive
       56     1200  9.87368655E-06  6.39400509E-04  6.40745542E-09  7.48602455E-05  2.12405783E-02 -1.39828611E-04     0.020081  0.015501  0.999678    Alive
       57     1200 -4.68695118E-06 -1.58719851E-04  9.77466092E-09  6.69326934E-05  1.77438002E-02 -6.49013595E-04     0.004094 -0.027870  0.999603    Alive
       58     1200 -4.50701471E-05 -4.23584962E-04  2.92838607E-07  2.37953697E-04  1.15978465E-02 -7.24794775E-04    -0.011624 -0.020561  0.999721    Alive
       59     1200 -1.66186551E-05  1.05508513E-04  6.31057759E-08 -8.24020005E-05  1.61108471E-02 -7.52207152E-04    -0.016183  0.006800  0.999846    Alive
       60     1200  2.47872293E-05 -3.65299416E-04  2.40081304E-08  2.50966975E-04  1.45561522E-02 -3.20854712E-04     0.025007 -0.007369  0.999660    Alive
       61     1200  1.30455322E-05  9.33830971E-05  6.93068636E-08  1.20955927E-04  1.32811359E-02  7.63186020E-05     0.012975 -0.026581  0.999562    Alive
       62     1200 -2.46246375E-05 -2.29932038E-04  1.61576661E-09 -1.62959067E-04  2.00681435E-02 -2.14345986E-04     0.022150 -0.016455  0.999619    Alive
       63     1200 -1.11310845E-05  2.59335496E-04  3.27903661E-08 -1.40406245E-05  1.35553010E-02 -6.57661662E-04     0.019610 -0.006592  0.999786    Alive
       64     1200 -6.08682783E-07  3.18825042E-04 -7.85491456E-10  8.56924475E-05  2.34287536E-02 -5.72709946E-04     0.020829  0.005518  0.999768    Alive
       65     1200  1.10683489E-05  8.85830315E-05  2.99499119E-07 -1.18738058E-04  2.21822440E-02 -8.85421516E-04     0.008695 -0.028457  0.999557    Alive
       66     1200  9.80670781E-06  3.28697846E-04 -6.11231840E-08  1.17827875E-04  2.01053114E-02 -1.18859341E-03     0.007846 -0.053091  0.998559    Alive
       67     1200 -2.60887694E-05 -6.26491824E-05  7.80835639E-09  9.95599872E-05  1.96205174E-02 -8.61525634E-04    -0.001231 -0.006668  0.999977    Alive
       68     1200 -2.16635288E-05 -4.81555197E-04  2.22553058E-07 -9.73138982E-05  2.10902964E-02  4.33641191E-04     0.010824 -0.023808  0.999658    Alive
       69     1200 -1.00617789E-05  4.47243767E-04  4.98571634E-09  1.33917442E-04  2.13935357E-02 -5.50605570E-04     0.007514 -0.031084  0.999489    Alive
       70     1200 -7.07052931E-06 -4.64979964E-04  4.02050349E-07  1.48348953E-04  9.70905055E-03  1.18280115E-03    -0.006050 -0.041150  0.999135    Alive
       71     1200 -9.27206351E-06  8.24342368E-04 -3.06293980E-07  9.80928006E-05  1.66366639E-02  9.67962464E-04     0.053416  0.022095  0.998328    Alive
       73     1200  1.14779635E-05  4.61598858E-04 -1.11165988E-07 -6.50086883E-05  1.18256328E-02  2.16234942E-04     0.014896 -0.006841  0.999866    Alive
       74     1200  3.89149972E-05  2.76820426E-05 -3.35497811E-07  7.01497202E-05  1.30618393E-02  2.59875877E-04    -0.004577 -0.007404  0.999962    Alive
       75     1200  1.94193026E-05  9.53711115E-05 -1.11174906E-07  8.60417199E-05  2.49067790E-02 -3.77930919E-04     0.044383 -0.008921  0.998975    Alive
       76     1200  1.57980790E-05  3.89498710E-04 -3.11977456E-08 -3.41458360E-06  1.74043644E-02  4.40509709E-04     0.013027 -0.008192  0.999882    Alive
       77     1200  2.14976774E-05  1.48863239E-04 -9.93270713E-08  9.21168369E-05  2.13246202E-02 -1.19426384E-04    -0.005168 -0.014615  0.999880    Alive
       78     1200  8.05926289E-07 -2.53677532E-04 -1.18501356E-08 -7.73667348E-05  2.23645116E-02 -4.96942990E-04    -0.007965  0.003376  0.999963    Alive
       79     1200  3.02441370E-05 -6.38158429E-04 -4.56667800E-08  9.21572536E-05  6.63148636E-03 -2.77671353E-04     0.000294 -0.019953  0.999801    Alive
       80     1200 -1.70049902E-06  4.12031899E-04  7.23631151E-08 -6.10508504E-05  1.85729909E-02  3.86395758E-04     0.004321  0.009744  0.999943    Alive
       81     1200  2.03051747E-05  2.02328585E-04 -5.84530218E-08  1.58671436E-05  1.20496801E-02  2.10781091E-04     0.011699 -0.003888  0.999924    Alive
       82     1200 -3.50720823E-05 -1.72055192E-04  2.64553220E-06  1.45654609E-04  2.57755816E-02  5.44168491E-04     0.039365  0.024176  0.998932    Alive
       83     1200  2.73224452E-06  2.79512284E-04 -1.43007677E-08  1.42594156E-05  2.06986068E-02 -1.95367656E-04     0.011741 -0.019624  0.999738    Alive
       84     1200 -5.15423789E-05 -8.38159916E-05  7.60272211E-08  5.02234539E-05  2.34423426E-02  5.93670369E-04     0.015437  0.025989  0.999543    Alive
       85     1200  1.36377537E-05 -3.41215522E-04  6.16779005E-08  1.29826102E-04  1.61504860E-02  1.00724496E-03     0.042789  0.025831  0.998750    Alive
       86     1200  1.02993894E-05  7.25854966E-04 -2.93526956E-08 -4.34710367E-05  1.38828844E-02  6.24512673E-04     0.024110  0.004698  0.999698    Alive
       87     1200  1.17713233E-05  2.48443394E-04 -1.41701746E-07  2.68517988E-04  3.27925008E-02 -8.86102343E-04    -0.051768  0.070448  0.996171    Alive
       88     1200 -1.33469118E-05  1.20927438E-04 -2.84945669E-08  3.49872965E-05  1.64823891E-02  7.74701991E-04     0.045009  0.003229  0.998981    Alive
       89     1200  4.36650270E-05  1.25212966E-04  5.08895591E-08  1.97642379E-05  1.37785121E-02 -2.35662297E-04     0.024177 -0.003099  0.999703    Alive
       90     1200 -5.71113953E-06  3.50018766E-04  3.43378243E-07  7.77444662E-04  2.00712973E-02 -1.62296931E-03    -0.062372 -0.057108  0.996418    Alive
       91     1200 -2.19084321E-05 -5.94099932E-05  8.67432354E-10  7.21332276E-05  1.76949669E-02  7.78735010E-04     0.021652  0.009444  0.999721    Alive
       92     1200 -1.44008117E-05  3.09112157E-04 -8.90087181E-09  2.20414253E-05  1.64288852E-02  1.24595701E-04     0.033382 -0.024092  0.999152    Alive
       93     1200 -1.75091251E-05  6.35888510E-04  8.91341892E-10 -1.96001511E-04  1.94016122E-02 -1.22424405E-03    -0.022395 -0.048117  0.998591    Alive
       94     1200  1.03011766E-05 -2.66948320E-04 -1.53365926E-07 -5.34389140E-05  2.05902918E-02  4.09780701E-04     0.014259 -0.009632  0.999852    Alive
       95     1200 -3.02843206E-05 -2.98084048E-04  1.86401976E-08  5.98854837E-05  1.08377826E-02 -1.22732981E-04    -0.021305 -0.013003  0.999688    Alive
       96     1200 -6.47671137E-06  3.14014704E-04  2.33578582E-08  1.21424680E-04  2.21531026E-02 -2.03120491E-04     0.019163  0.002051  0.999814    Alive
       97     1200  4.42956394E-05  4.80996180E-05  1.05942667E-07 -2.59443496E-04  2.38819349E-02  7.13684313E-05     0.018550 -0.008287  0.999794    Alive
       98     1200 -1.51522704E-05  4.81958444E-04 -5.33686633E-08 -3.78223633E-05  2.13147717E-02  2.07393458E-04     0.031352 -0.004548  0.999498    Alive
       99     1200 -1.42543134E-05  4.19431149E-04  6.70240596E-08  1.51519782E-04 -1.43254530E-04 -3.66968365E-04     0.037013  0.032893  0.998773    Alive
      100     1200  1.03644899E-05 -1.41901783E-04 -3.34253001E-08 -1.33571416E-04  1.80892651E-02  9.08956074E-04     0.017250  0.010315  0.999798    Alive