     Ix       Turn             x              px               y              py               z              pz        spin_x    spin_y    spin_z    State
      1          0  2.88312568E-05  3.44949693E-04  8.48300950E-08 -5.70732531E-05  1.58555621E-02 -1.03790356E-03     0.000000  0.000000  1.000000    Alive
        2        0  9.10794766E-06  4.62686780E-04 -4.22943006E-08 -2.45625894E-05  2.21477585E-02 -4.23381366E-04     0.000000  0.000000  1.000000    Alive
        3        0  2.96663604E-05 -3.60958121E-04  9.79967832E-09  6.03181571E-05  1.10776088E-02  3.74022055E-05     0.000000  0.000000  1.000000    Alive
        4        0  4.12739774E-05 -2.11277663E-04  5.94671587E-08 -1.32355994E-07  1.89203811E-02 -4.60435604E-04     0.000000  0.000000  1.000000    Alive
        5        0 -3.45047974E-06 -2.97522120E-04  4.94534514E-08  4.67147133E-05  5.08284842E-03 -4.06682499E-04     0.000000  0.000000  1.000000    Alive
        6        0  2.16321219E-06 -2.72533064E-04  1.27862223E-07 -3.06934797E-05  1.56547759E-02 -6.74349766E-04     0.000000  0.000000  1.000000    Alive
        7        0 -1.23938879E-06 -5.44279144E-04 -4.50517665E-08  3.19714064E-05  9.39603203E-03 -5.15457951E-04     0.000000  0.000000  1.000000    Alive
        8        0  1.73644809E-05  4.57439605E-04  1.48546181E-07  5.13234074E-06  1.59004085E-02  4.09732751E-05     0.000000  0.000000  1.000000    Alive
        9        0  2.04562256E-06 -3.89733843E-04 -1.14487449E-08  1.22382415E-04  2.29685422E-02 -6.38430459E-04     0.000000  0.000000  1.000000    Alive
       10        0 -1.56428917E-06 -1.07630191E-05  2.45313369E-08 -5.65275257E-05  2.09028693E-02 -2.61924409E-04     0.000000  0.000000  1.000000    Alive
       11        0  2.17354403E-05  1.02016021E-04  1.63212321E-07 -6.80543431E-05  1.38478662E-02 -1.30420920E-04     0.000000  0.000000  1.000000    Alive
       12        0 -1.01321916E-05  6.35623858E-05  5.17292195E-08 -1.20081032E-05  2.34521744E-02 -4.46201698E-04     0.000000  0.000000  1.000000    Alive
       13        0  1.76982762E-05  2.61628366E-04  2.54004014E-08  2.83852700E-05  2.28974806E-02 -1.69177940E-03     0.000000  0.000000  1.000000    Alive
       14        0  2.68207187E-05 -5.55894315E-04  4.94211247E-08 -1.27500350E-04  1.86302370E-02 -4.45439534E-04     0.000000  0.000000  1.000000    Alive
       15        0  7.15850423E-06 -1.03471612E-04  1.00777744E-07  4.88581804E-05  8.49691659E-03 -6.82658458E-04     0.000000  0.000000  1.000000    Alive
       16        0  3.19223560E-05  4.26722908E-05  3.68925767E-08  3.85721339E-05  1.06054847E-02 -2.22606219E-04     0.000000  0.000000  1.000000    Alive
       17        0  6.04560453E-06 -3.39864768E-05  9.51664885E-08  1.13922116E-04  1.77937371E-02 -3.29189719E-04     0.000000  0.000000  1.000000    Alive
       18        0  3.72760850E-05 -3.92120576E-05  7.82392338E-08  8.24795765E-05  1.93349237E-02  6.90173954E-04     0.000000  0.000000  1.000000    Alive
       19        0  2.61522406E-05 -3.02936414E-04  5.84305708E-08  5.90726047E-05  1.09245956E-02 -3.23535247E-04     0.000000  0.000000  1.000000    Alive
       20        0  2.55725636E-05  7.99567691E-04 -5.26002484E-10  4.49788622E-05  1.95310333E-02  7.83143107E-04     0.000000  0.000000  1.000000    Alive
       21        0  2.26333911E-05 -8.75236566E-05  3.29192863E-09 -6.77945589E-05  1.27784177E-02  3.12446854E-04     0.000000  0.000000  1.000000    Alive
       22        0  1.32312499E-05 -2.72687746E-04  1.00470435E-07 -5.90516661E-05  1.58148379E-02 -1.05020939E-04     0.000000  0.000000  1.000000    Alive
       23        0  2.40755767E-05  2.63078232E-04  1.76968747E-08 -6.06067124E-05  1.36972414E-02  1.47048239E-03     0.000000  0.000000  1.000000    Alive
       24        0  6.32101885E-06 -6.44723153E-04  8.09623724E-08 -1.04577318E-04  2.49310463E-02  1.83691816E-04     0.000000  0.000000  1.000000    Alive
       25        0  8.62481184E-06 -4.76033007E-04  1.58578972E-07 -1.76585879E-05  1.80009896E-02  9.15135434E-04     0.000000  0.000000  1.000000    Alive
       26        0  8.72663429E-06 -1.93031595E-04  1.11192801E-07  1.45072595E-05  1.20766133E-02 -3.54636319E-04     0.000000  0.000000  1.000000    Alive
       27        0  2.83877472E-05 -5.62172682E-04  1.14612806E-07  1.95813231E-05  1.04804381E-02 -4.71875098E-04     0.000000  0.000000  1.000000    Alive
       28        0  3.72201663E-05  5.00648708E-05  5.04428374E-08 -8.37030652E-05  1.51944554E-02 -3.08192925E-04     0.000000  0.000000  1.000000    Alive
       29        0  3.25906321E-05  2.58639352E-04  7.21349154E-08 -2.38716180E-05  1.06739617E-02 -3.13526395E-04     0.000000  0.000000  1.000000    Alive
       30        0  3.37037899E-05  1.39589256E-04  6.66167112E-10  4.21409986E-05  2.26212338E-02  5.19798252E-04     0.000000  0.000000  1.000000    Alive
       31        0  1.63453500E-05  8.35794302E-06  5.26337467E-08  7.46207757E-05  1.31408120E-02  3.73423586E-04     0.000000  0.000000  1.000000    Alive
       32        0  2.05191465E-05 -1.34125548E-04  2.41502134E-07  3.46500818E-05  2.46711867E-02 -5.22117124E-04     0.000000  0.000000  1.000000    Alive
       33        0 -1.37818569E-05 -3.78431229E-04  1.32916505E-07  2.15634787E-05  1.27111244E-02  2.60964450E-04     0.000000  0.000000  1.000000    Alive
       34        0  2.74849846E-05 -4.78784808E-04  1.14893141E-07 -4.22573192E-05  1.71601506E-02 -3.78844039E-04     0.000000  0.000000  1.000000    Alive
       35        0 -7.99847804E-06 -3.15671218E-04  1.01900178E-07  7.16322180E-05  2.22419083E-02  4.09246968E-04     0.000000  0.000000  1.000000    Alive
       36        0 -2.27971816E-05 -1.58588889E-04  1.15316572E-07  7.34634062E-05  1.06310459E-02 -8.74909824E-05     0.000000  0.000000  1.000000    Alive
       37        0  2.01281207E-05  1.57832064E-04  7.97660107E-08  1.51547367E-06  2.47549151E-02 -7.12449704E-04     0.000000  0.000000  1.000000    Alive
       38        0  5.26935029E-05 -1.34268329E-04  1.44764554E-07  9.09570250E-05  1.75733927E-02  9.33401675E-04     0.000000  0.000000  1.000000    Alive
       39        0  4.50444156E-05  1.10994547E-04  1.02829120E-07  7.89965804E-06  1.86594182E-02 -4.46430688E-04     0.000000  0.000000  1.000000    Alive
       40        0  1.53649163E-05 -3.49861265E-05  1.65526842E-07 -8.95905097E-05  2.23754256E-03  9.03933860E-04     0.000000  0.000000  1.000000    Alive
       41        0 -4.31352014E-05  1.02402208E-05  6.97741665E-08  1.93132214E-05  1.44941694E-02 -3.24149437E-06     0.000000  0.000000  1.000000    Alive
       42        0 -1.44737415E-05  3.64076230E-04 -3.38258621E-08  9.80783859E-07  2.37571750E-02  6.01907156E-04     0.000000  0.000000  1.000000    Alive
       43        0  9.67218561E-06 -1.90577302E-04  1.02737996E-07  3.37840143E-05  2.55954766E-02  7.38347026E-04     0.000000  0.000000  1.000000    Alive
       44        0  4.55332198E-06  2.77061848E-04  1.22668453E-07  1.42571367E-05  1.75449803E-02 -3.98657115E-04     0.000000  0.000000  1.000000    Alive
       45        0  1.45754696E-05  2.14258141E-04  1.76358807E-07  8.37134178E-05  1.28358180E-02 -3.44536901E-04     0.000000  0.000000  1.000000    Alive
       46        0 -3.00568981E-06  1.37285181E-05  1.52514082E-07  6.72883633E-05  2.48463075E-02 -7.63171143E-04     0.000000  0.000000  1.000000    Alive
       47        0  1.84212691E-05 -1.42733981E-05 -5.74020045E-08 -5.50786731E-05  1.86425762E-02 -9.38056931E-04     0.000000  0.000000  1.000000    Alive
       48        0  1.26403530E-05  7.01080374E-05  8.80432129E-08  6.63592291E-06  1.99438470E-02 -8.16115990E-04     0.000000  0.000000  1.000000    Alive
       49        0  8.10144962E-06 -1.15206142E-04  6.05572982E-08  2.14396316E-05  1.41822272E-02  2.26793682E-04     0.000000  0.000000  1.000000    Alive
       50        0  4.20743884E-05 -1.06126219E-05  4.43352167E-08 -1.17572500E-04  1.34745624E-02  7.34823667E-05     0.000000  0.000000  1.000000    Alive
       51        0  3.19983068E-06  1.91127505E-04  1.57795290E-07 -6.66444570E-06  2.02411020E-02 -3.26094108E-04     0.000000  0.000000  1.000000    Alive
       52        0  1.26454456E-05  2.13006196E-04  3.51121150E-08  6.22517995E-05  9.46784605E-03 -8.68169946E-05     0.000000  0.000000  1.000000    Alive
       53        0  1.53108373E-05  1.62065657E-04  3.26616351E-08  8.00636333E-06  1.79136653E-02 -2.56391648E-04     0.000000  0.000000  1.000000    Alive
       54        0  2.91495838E-06  3.71511399E-04  2.73936330E-08  1.03869522E-04  1.25093018E-02 -4.11449995E-05     0.000000  0.000000  1.000000    Alive
       55        0  1.20109634E-05  3.12985118E-06  3.35787272E-08 -8.32819071E-05  7.36158202E-03  4.79543003E-04     0.000000  0.000000  1.000000    Alive
       56        0  2.62428141E-05 -4.01238000E-04  5.83678579E-08 -3.05529356E-05  1.75781050E-02  6.99359607E-04     0.000000  0.000000  1.000000    Alive
       57        0  5.14110231E-06  1.81880065E-04  1.19719393E-07 -2.15277985E-05  1.41626447E-02  2.26181578E-04     0.000000  0.000000  1.000000    Alive
       58        0  5.26868400E-05 -1.74597507E-04  1.59634066E-07  1.76104797E-04  1.64251496E-02 -4.52495742E-04     0.000000  0.000000  1.000000    Alive
       59        0  1.86230023E-05  1.04172085E-05  6.57342982E-08  6.33387990E-05  2.17737708E-02 -1.33523973E-03     0.000000  0.000000  1.000000    Alive
       60        0  1.87119362E-05 -1.83300165E-04  9.88700318E-08 -2.30512382E-05  9.74838137E-03 -2.94632070E-04     0.000000  0.000000  1.000000    Alive
       61        0  2.08444222E-05  3.16978771E-05  1.44817339E-07  4.49630124E-06  1.45630803E-02 -3.19932574E-04     0.000000  0.000000  1.000000    Alive
       62        0  3.01829014E-05 -3.55561030E-05  9.09286772E-08  2.00433618E-05  1.29589903E-02 -4.57043336E-04     0.000000  0.000000  1.000000    Alive
       63        0  3.26871110E-05 -9.48611081E-05  1.76287411E-07 -1.53222822E-04  2.19760219E-02 -9.26946836E-04     0.000000  0.000000  1.000000    Alive
       64        0 -4.41931205E-06  1.12381127E-05  5.11957993E-08 -8.98575875E-05  2.01473566E-02  3.54238956E-04     0.000000  0.000000  1.000000    Alive
       65        0  1.58677273E-05 -1.29180958E-04  1.50303901E-07 -8.25732467E-05  1.68112628E-02  8.06373074E-04     0.000000  0.000000  1.000000    Alive
       66        0  9.16813601E-06  1.54207743E-04  7.29319405E-08  6.27382190E-05  1.82599570E-02 -1.61546589E-04     0.000000  0.000000  1.000000    Alive
       67        0  1.33740448E-05  4.44971155E-04  9.20677121E-08  2.05570465E-05  1.83876717E-02  1.51095730E-04     0.000000  0.000000  1.000000    Alive
       68        0  3.03508527E-05 -1.57210152E-04  2.25471480E-08  1.13991736E-04  1.59251201E-02  3.78531696E-04     0.000000  0.000000  1.000000    Alive
       69        0  7.31246619E-06  5.43931257E-04  1.17405637E-07 -2.13726715E-05  1.52355918E-02 -6.99991992E-04     0.000000  0.000000  1.000000    Alive
       70        0 -1.11305210E-05  1.74253691E-04 -4.64589596E-09 -4.01406834E-05  1.31860424E-02 -1.54414024E-05     0.000000  0.000000  1.000000    Alive
       71        0  4.04164383E-05  2.52411110E-04  1.04013776E-07  2.31775460E-05  1.22651712E-02  9.15739408E-04     0.000000  0.000000  1.000000    Alive
       72        0  2.71979081E-05  2.95318577E-04 -4.96271316E-08  3.42079822E-06  1.00615285E-02 -2.08314766E-03     0.000000  0.000000  1.000000    Alive
       73        0  3.71373744E-05  1.97725646E-04  1.15367501E-07 -1.43453781E-04  1.42628475E-02 -1.67608950E-04     0.000000  0.000000  1.000000    Alive
       74        0  3.31132471E-05  3.91912342E-04  2.12223365E-07 -3.04960707E-07  1.47787469E-02 -1.03510339E-03     0.000000  0.000000  1.000000    Alive
       75        0  8.87235994E-06  3.04559448E-04  2.58287202E-08  6.90175399E-05  1.65800874E-02  5.15338764E-04     0.000000  0.000000  1.000000    Alive
       76        0  2.55849250E-05  2.95938257E-04 -1.12144468E-08 -7.82963402E-05  1.31461415E-02  8.63264509E-07     0.000000  0.000000  1.000000    Alive
       77        0  2.26405780E-05  1.59073347E-04 -3.99054415E-08 -4.73521994E-05  2.66430112E-02  2.82369724E-04     0.000000  0.000000  1.000000    Alive
       78        0  1.03639781E-05 -4.97453628E-04 -6.28994938E-08 -9.05049229E-05  2.10216435E-02  2.38364588E-04     0.000000  0.000000  1.000000    Alive
       79        0  3.47977331E-05  7.08116078E-04  1.55132960E-07  4.46439600E-05  2.37618102E-02 -1.33318293E-04     0.000000  0.000000  1.000000    Alive
       80        0  2.40496859E-05 -9.48041397E-05  1.10058692E-07 -9.17673081E-05  2.07163197E-02  3.18482145E-05     0.000000  0.000000  1.000000    Alive
       81        0  7.45613311E-06  3.74837335E-04  1.00602698E-07  3.67526107E-05  1.35410515E-02  2.82344146E-04     0.000000  0.000000  1.000000    Alive
       82        0  3.50901890E-05 -1.59200453E-05  1.05032417E-07  3.49074988E-05  1.97476736E-02  1.07759629E-03     0.000000  0.000000  1.000000    Alive
       83        0  3.24096131E-05 -1.58450827E-04  3.84861087E-08  3.92559862E-05  2.46465085E-02 -4.30046638E-04     0.000000  0.000000  1.000000    Alive
       84        0  4.32334766E-05 -1.52328363E-04  8.48768558E-09  9.48344837E-05  1.78951313E-02  2.00128046E-04     0.000000  0.000000  1.000000    Alive
       85        0  5.17374165E-06  4.69682859E-04  2.82191563E-08 -1.01804763E-04  1.47729769E-02  7.81755958E-04     0.000000  0.000000  1.000000    Alive
       86        0  4.41687089E-05  2.28367442E-05  5.17621273E-08  1.22062743E-05  1.28020875E-02  5.17140775E-04     0.000000  0.000000  1.000000    Alive
       87        0  2.03094833E-05 -1.04378819E-05  1.01038658E-07  2.92814465E-05  2.46376354E-02  1.05812771E-03     0.000000  0.000000  1.000000    Alive
       88        0  1.34384738E-05  1.10351250E-04 -1.22143418E-08  3.73759904E-05  1.54990717E-02  1.01168364E-03     0.000000  0.000000  1.000000    Alive
       89        0  3.74779685E-05 -1.12705392E-04  2.59918084E-08  1.15972562E-06  1.45316370E-02  1.88422134E-04     0.000000  0.000000  1.000000    Alive
       90        0  1.09806665E-05 -9.89472356E-06  1.30815055E-07 -1.47455162E-05  3.12502917E-02  8.04189101E-04     0.000000  0.000000  1.000000    Alive
       91        0  1.11816311E-05  1.15816477E-04  3.99676149E-08  3.34587245E-05  9.20235106E-03  2.43884862E-04     0.000000  0.000000  1.000000    Alive
       92        0  3.20709186E-05  3.69966850E-05  3.25134231E-10 -3.17855063E-05  1.37478291E-02  1.84489919E-04     0.000000  0.000000  1.000000    Alive
       93        0  5.48027085E-05 -9.72435505E-05 -1.93809076E-08 -3.33498717E-05  1.69641250E-02 -7.12509085E-04     0.000000  0.000000  1.000000    Alive
       94        0  1.96267773E-07 -3.64541597E-04  1.50683990E-08  8.64536599E-05  1.87155807E-02  4.80118674E-04     0.000000  0.000000  1.000000    Alive
       95        0  2.77720121E-05 -3.18758797E-04  5.13282077E-08  4.49097008E-05  1.29978887E-02 -7.42160562E-04     0.000000  0.000000  1.000000    Alive
       96        0 -2.76173857E-06  3.95935467E-04  1.66475671E-07 -3.08059298E-05  9.07518757E-03 -1.01668897E-04     0.000000  0.000000  1.000000    Alive
       97        0  3.53666956E-05 -2.75308479E-04  6.42440610E-08  9.72454695E-07  1.97505239E-02  1.15434719E-03     0.000000  0.000000  1.000000    Alive
       98        0  3.86677071E-05 -2.87079025E-04  1.17847750E-07  5.83093145E-05  1.53120686E-02  2.60170954E-04     0.000000  0.000000  1.000000    Alive
       99        0  1.21941042E-05 -3.37408450E-04  6.04720579E-08 -7.57299307E-05  2.19160118E-02 -1.55320430E-03     0.000000  0.000000  1.000000    Alive
      100        0 -5.15671571E-06  1.15785612E-04  1.46508628E-07 -8.08125454E-05  1.57315029E-02  2.82018833E-04     0.000000  0.000000  1.000000    Alive